# x y yerr
-4.622283124773628238e+00 -2.218782758308456504e+00 1.398947050401659897e-01
-4.387300376300320437e+00 -1.668227143382794431e+00 3.938384887722129468e-01
-3.820328703508877322e+00 -1.182298586518181871e+00 1.066178040957734829e-01
-3.768978557115003625e+00 -1.159371931678677692e+00 2.925538001754973139e-01
-3.730301669618990346e+00 -1.489380637044186440e+00 1.383755495872349417e-01
-3.705593202824870591e+00 -9.795342820569685749e-01 2.989225330435759664e-01
-3.624464434367294707e+00 -1.475708009826217859e+00 4.355185094785617439e-01
-3.537727674033412928e+00 -1.727332732975958907e+00 4.589333029578813727e-01
-3.290828279279041091e+00 -4.447185547267562544e-01 3.930366077907837541e-01
-3.001357368734019815e+00 -1.712280441690571475e+00 4.034897456054084008e-01
-2.711126956783868280e+00 -1.520266311899315825e+00 3.242628731500788453e-01
-2.644925215583187050e+00 -5.820076091990413758e-01 2.885911709414912263e-01
-2.546501808175042569e+00 -9.524101784942976545e-01 1.555072471128138845e-01
-2.395239941342166556e+00 -7.037930602993410778e-01 1.377844533253295145e-01
-2.254075694170762034e+00 -5.655737413363409738e-01 4.769025354555741503e-01
-1.637782556655469346e+00 5.706720046038338268e-02 1.536396957003031416e-01
-1.595550625653024746e+00 -5.064533183885701062e-01 3.522798210769080285e-01
-1.576547871570647352e+00 -8.718450094654389693e-01 3.558272870382298558e-01
-1.564741247225220899e+00 6.920392188673452072e-01 2.733959141148348815e-01
-1.479464608519752922e+00 -3.495854769315204225e-01 1.623388241252388675e-01
-1.269877747785691291e+00 2.113151199731877483e-03 4.450435931151558444e-01
-1.232502838103286535e+00 5.951024625857799233e-01 3.732185203155659048e-01
-1.053409902375751273e+00 9.406032484376658509e-02 1.342835590303198545e-01
-9.886877815256758240e-01 -1.023962836467353643e-01 3.264410102632147592e-01
-9.482124497911197381e-01 -1.001394353808376936e-01 1.599299415247707745e-01
-8.596633538211317926e-01 3.309928208756132140e-01 2.909817783663957713e-01
-5.200317531405653781e-01 4.865045146411690613e-01 4.395753061197347211e-01
-4.862352952460033961e-01 1.759472770004280040e-01 1.560577680956506674e-01
-3.764566570416816305e-01 1.380891745911538848e-01 2.318203259459593879e-01
4.302620204703844209e-01 -2.309054232713952937e-01 3.536296439287189841e-01
7.401177494737325446e-01 5.942573080273061414e-01 3.477513973698114214e-01
8.986877301845481725e-01 2.365817148161764583e-01 2.580170548880478809e-01
9.042600333261798795e-01 -6.769331907570569351e-02 3.689591261233332586e-01
9.478358948512379811e-01 -7.916199508505528115e-03 4.239921281168811396e-01
9.592532114433609536e-01 2.355714778574116153e-01 2.547996223208349176e-01
1.105882701218500408e+00 2.538301406561739859e-01 3.179034988386074678e-01
1.416661702750353413e+00 2.219466239679001029e-01 4.955797446418729324e-01
2.021843609805462627e+00 1.146741052033721786e+00 4.939931627824126759e-01
2.535688453357169969e+00 6.531660149178026842e-01 2.481527167490869545e-01
2.767837505077176630e+00 3.365894183561095598e-01 3.251767727233692007e-01
3.203883631195571624e+00 1.122469096740203343e+00 1.999088408096878489e-01
3.402550832613812304e+00 6.843781847948390284e-01 4.905805489797091523e-01
3.528997809488616966e+00 6.971802829681039704e-01 4.266182362999993982e-01
3.598787065799694318e+00 1.227115257544951987e+00 1.177393722122460906e-01
3.615492897092529745e+00 1.556139280112242007e+00 2.639331422551505213e-01
3.713716536691954673e+00 1.496748837118942355e+00 1.119546515104217210e-01
3.972365243645734623e+00 1.842780051290066057e+00 1.831602013723560018e-01
4.195404049390797141e+00 1.555863111794796527e+00 3.523195802084316819e-01
4.667178384820029891e+00 2.316554812427800591e+00 3.629192920204787898e-01
4.847287394386158965e+00 1.875149795003199671e+00 1.997264059174325146e-01
